1
1
1
583
8810
3
2445
10286
1
1
3599
3599
3600
1
1
95903
1
1
1
1
1
1
1
1
3
1
3
36960
36963
4
3
1
59258
1
1
1
29957
1
30013
1
2
1
1315413
1
1465
10
335750
335756
19920
34
1255
122260
1
1
71820
11349
3329
36997
1
1
1
1
1
1
1
51943
2769090
372
1
1
1
3
4
1
636751
1
2
3886
1
1
324774
1
43502
1
51895
25957
1
1
281201
6289
11
15
1
466466
33866
10
1
10
1
134456
11
77634
2
1
21576
15
11
121032
7
30901
67151
1
1
12
1
1
1256
84157
3
3
3
1
23302
1
14580
12232
3096
10
6356
1
4
130550
1
1
1
1
461859
99563
1
32603
4908
38504
1
1
8764
5
1
4
6
1
33596
1
33474
1
2840
5
1
1
3
1
138
1
1
1
4
1
1
1
14467
43666
253797
819
35211
1
16
13
1
11
10
17757
1
11596
7223
14176
1
1
1
15354
1
1
1
1
2
1
21048
21047
3
1
1
1
1
13
2
6
37903
285
451014
1
1
10910
1
1
1
1655557
1
13
10
1
41194
1
30610
4
4
13817
13133
1
312
13223
1556675
1
6
50388
12
9953
633516
1
25924
1
25326
1
699
23251
275961
1
3
32830
3
1
1
4700
1
479
1
4
394
101138
60472
1
1
1
31
26
14
12634
1
1
1
6454
35230
1
10819
15976
12205
1
1
15
106968
708990
5
1
3
4
9753
1
1
1
80876
48206
1
1
264749
1
1
4512
14905
1
3710
1
31092
1
35655
6488
1
15716
34
1
1
1
1
1
3
1483
1
11
6
1
86024
147
1
1
191583
12
14315
14317
29921
1
1
110082
110085
110077
110083
44017
3
10914
8718
1
1
1
38917
26930
4464
4467
1
24
1
31
246
86964
1
1
3867554
2
4015
1047545
10
1
11
5
10494
4320
13576
1
3
4
31819
1
2
326170
1
3
7
72131
1
1
306641
9416
67189
16
61124
1
1862752
1
28061
84054
1
35
1
83246
191637
385
48114
5
4
1
41
1
31592
4
1
1
1058486
40272
1612164
19
28
1
1
263939
1
44947
945
1
16337
45217
1876
1
1
1
4
31
3842
11
1
7226
11
152158
774652
1
1
1
11
1
11827
11
380364
1
372922
1
19039
1
44664
1
1
1
31054
1
1
6
46237
9899
1
11
9
4
1
11
7248
1
12
166658
9215
1
377127
184039
216308
530398
15524
670
1
3
1
20762
32
14080
3
3
3612
328918
27276
1
1
3
1
13809
12161
1
1
1
16714
42684
1
1
1
21
5
41910
18268
732
2
1
