8075
44
3795
6193
6276
126
10
1346
92543
1772
15288
3180
40
7791
124
4522
19425
5522
150
147
10
1235
102
10
877
18974
30
55
3
3708
3
31
3
3
3
34
2
42
3994
45
1262
456
4474
556
25
44
537308
302
415
1849
73
554
167
4
1
1253
304013
11411
1964
738
500
3855
174
3768
469
4502
24164
5090
302488
3700
1972
1728
6818
13934
1378
1062
4
6
5
172
85
53671
6839
55
12081
2875
165
42964
20572
15402
167993
1501
4664
8010
6945
8252
152
570
238
7528
9665
470
1800
1892
6943
11009
103
4326
4622
8491
8937
64
7704
21427
60
476
161
42
36
1464
77
971
42
35808
7534
12159
67
39079
538
18
497
43993
9
2
13
9
490
70
42468
4
646
875
4205
1741
8856
36
1474
872
211
156
18
3975
295
9124
10
4896
78
1528
92
1210
724
8121
6223
12
5
4
28537
42
1795
4478
2673
74
7148
10
8
8
549
1611
14773
26087
194
66
150
3853
74
3848
136
117
640
17
1474
12
63
11675
68
5214
4544
1271
8730
89
6078
654
96
14406
18
126
13
51
5
5691
2
49
337
360
825
31883
54268
13
13204
6078
2240
1988
3986
74
2363
18
13103
9
1580
26
30771
11341
2
2350
496
17
8
9
2451
7988
18
202
9
13
4
75
1619
130
2655
1427
838
4732
4414
297980
19544
51
1539
90908
24957
8892
148
8512
34275
1090
5826
315
3419
74
211
10460
2878
4156
2788
190
339
5599
10392
4802
4107
87
5538
64
138
58
11
334
140
11156
9740
1111
44
11270
76
1598
505
6495
598
1842
14
7245
1122
925
14654
413
4027
508
2712
76
4612
4
24
423
1738
3538
1469
18987
4
548531
5878
21625
150
11247
556
76
1058
421
548360
10
60
56
447
70
19
3520
3538
71
2631
7447
79
1516
3712
5911
2412
36323
341
2120
21
7490
4517
2667
1463
223
8091
15334
4648
76
7568
4574
2930
134
7068
2958
364
48
42
1399
77
4690
44
1856
327
19781
79065
4
69
2728
6622
55
486
31
41
269
2519
149
10952
43
61
7247
83
3307
2032
1343
236
3449
1035
11483
247
5974
1
42910
21
1371
1596
13
3
54278
47
126
163
196
3
7018
11368
2331
1401
35
128
47327
66
6180
11221
79
1699
19853
1650
10776
5252
3623
4831
7616
37
519
122
14333
1045
555652
784
2590
2422
4
4614
1151
4026
16122
52
9
6
849
5970
3702
933
5335
156
183
7
590
1770
7430
3101
17506
8386
207
2769
20
1
11425
75460
2620
1902
1740
3388
10613
4926
10506
52
93
319
1184
1543
44965
5954
80955
6211
555
25
1261
477
1807
34
192
234
20
594
9818
4037
271
1034
1060
52
43
